NBR 8160:1999 29
e) Intervalo de tempo médio entre descargas consecutivas = 25 min
Duração média da(s) descarga(s) em segundos
10 20 30 40 50 75 100 300 350 400 450 500
n =  1 1 1 1 1 1 1 1 1 1 1 1 1
n =  2 1 1 1 1 1 1 1 2 2 2 2 2
n =  3 1 1 1 1 1 1 2 2 3 3 3 3
n =  4 1 1 1 1 1 2 2 3 3 3 3 4
n =  5 1 1 1 1 2 2 2 3 4 4 4 4
n =  6 1 1 1 1 2 2 2 4 4 4 5 5
n =  7 1 1 1 2 2 2 2 4 4 5 5 5
n =  8 1 1 2 2 2 2 3 5 5 5 6 6
n =  9 1 1 2 2 2 2 3 5 5 6 6 6
n = 10 1 1 2 2 2 3 3 5 6 6 7 7
n = 11 1 1 2 2 2 3 3 6 6 7 7 7
n = 12 1 2 2 2 2 3 3 6 6 7 7 8
n = 13 1 2 2 2 2 3 3 6 7 7 8 8
n = 14 1 2 2 2 3 3 4 7 7 8 8 9
n = 15 1 2 2 2 3 3 4 7 8 8 9 9
n = 16 1 2 2 2 3 3 4 7 8 9 9 10
n = 17 1 2 2 2 3 3 4 8 8 9 10 10
n = 18 1 2 2 3 3 4 4 8 9 9 10 11
n = 19 1 2 2 3 3 4 4 8 9 10 11 11
n = 20 1 2 2 3 3 4 4 8 9 10 11 12
n = 25 2 2 3 3 3 4 5 10 11 12 13 14
n = 30 2 2 3 3 4 5 6 11 13 14 15 16
n = 35 2 3 3 4 4 5 6 13 14 16 17 18
n = 40 2 9 9 4 5 6 7 14 16 17 19 20
n = 45 2 3 4 4 5 6 7 16 17 19 21 23
n = 50 2 3 4 5 5 7 8 17 19 21 23 25
NOTA - n é o número total de aparelhos contribuintes ao ramal predial.