NBR 8160:1999 25
Tabela B.1 - Número de aparelhos a serem considerados em uso simultâneo  -  ξ = 1,0%
a) Intervalo de tempo médio entre descargas consecutivas = 5 min
Duração média da(s) descarga(s) em segundos
10 20 30 40 50 75 100 300 350 400 450 500
n =  1 1 1 1 1 1 1 1 1 1 1 1 1
n =  2 1 1 1 2 2 2 2 2 2 2 2 2
n =  3 1 2 2 2 2 3 3 3 3 3 3 3
n =  4 1 2 2 2 3 3 4 4 4 4 4 4
n =  5 2 2 2 3 3 4 4 5 5 5 5 5
n =  6 2 2 3 3 3 4 5 6 6 6 6 6
n =  7 2 2 3 3 4 5 5 7 7 7 7 7
n =  8 2 3 3 4 4 5 6 8 8 8 8 8
n =  9 2 3 3 4 4 5 6 9 9 9 9 9
n = 10 2 3 4 4 5 6 7 10 10 10 10 10
n = 11 2 3 4 4 5 6 7 11 11 11 11 11
n = 12 2 3 4 5 5 7 8 12 12 12 12 12
n = 13 2 3 4 5 6 7 8 13 13 13 13 13
n = 14 3 4 4 5 6 8 9 14 14 14 14 14
n = 15 3 4 5 5 6 8 9 15 15 15 15 15
n = 16 3 4 5 6 7 8 10 16 16 16 16 16
n = 17 3 4 5 6 7 9 10 17 17 17 17 17
n = 18 3 4 5 6 7 9 11 18 18 18 18 18
n = 19 3 4 5 6 7 9 11 19 19 19 19 19
n = 20 3 4 6 7 8 10 12 20 20 20 20 20
n = 25 3 5 6 8 9 12 14 25 25 25 25 25
n = 30 4 6 7 9 10 13 16 30 30 30 30 30
n = 35 4 6 8 10 11 15 18 35 35 35 35 35
n = 40 5 7 9 11 13 17 20 40 40 40 40 40
n = 45 5 7 10 12 14 18 23 45 45 45 45 45
n = 50 5 8 10 13 15 20 25 50 50 50 50 50
NOTA - n é o número total de aparelhos contribuintes ao ramal de esgoto.