NBR 8160:1999 27
c) Intervalo de tempo médio entre descargas consecutivas = 15 min
Duração média da(s) descarga(s) em segundos
10 20 30 40 50 75 100 300 350 400 450 500
n =  1 1 1 1 1 1 1 1 1 1 1 1 1
n =  2 1 1 1 1 1 1 2 2 2 2 2 2
n =  3 1 1 1 1 1 2 2 3 3 3 3 3
n =  4 1 1 1 2 2 2 2 4 4 4 4 4
n =  5 1 1 2 2 2 2 3 4 4 5 5 5
n =  6 1 1 2 2 2 2 3 5 5 5 6 6
n =  7 1 1 2 2 2 3 3 5 6 6 6 7
n =  8 1 2 2 2 2 3 3 6 6 7 7 7
n =  9 1 2 2 2 3 3 4 6 7 7 8 8
n = 10 1 2 2 2 3 3 4 7 8 8 9 9
n = 11 1 2 2 3 3 3 4 7 8 9 9 10
n = 12 1 2 2 3 3 4 4 8 9 9 10 10
n = 13 1 2 2 3 3 4 5 8 9 10 11 11
n = 14 2 2 3 3 3 4 5 9 10 11 11 12
n = 15 2 2 3 3 3 4 5 9 10 11 12 13
n = 16 2 2 3 3 4 4 5 10 11 12 13 13
n = 17 2 2 3 3 4 5 5 10 11 12 13 14
n = 18 2 2 3 3 4 5 6 11 12 13 14 15
n = 19 2 2 3 3 4 5 6 11 12 13 14 15
n = 20 2 2 3 4 4 5 6 12 13 14 15 16
n = 25 2 3 3 4 5 6 7 14 15 17 18 19
n = 30 2 3 4 4 5 7 8 16 18 20 21 23
n = 35 2 3 4 5 6 7 9 18 20 22 24 26
n = 40 2 4 5 5 6 8 10 20 23 25 27 29
n = 45 3 4 5 6 7 9 10 23 25 28 30 33
n = 50 3 4 5 6 7 9 11 25 28 30 33 36
NOTA - n é o número total de aparelhos contribuintes ao ramal de esgoto.