26 NBR 8160:1999
b) Intervalo de tempo médio entre descargas consecutivas = 10 min
Duração média da(s) descarga(s) em segundos
10 20 30 40 50 75 100 300 350 400 450 500
n =  1 1 1 1 1 1 1 1 1 1 1 1 1
n =  2 1 1 1 1 1 2 2 2 2 2 2 2
n =  3 1 1 1 2 2 2 2 3 3 3 3 3
n =  4 1 1 2 2 2 2 3 4 4 4 4 4
n =  5 1 2 2 2 2 3 3 5 5 5 5 5
n =  6 1 2 2 2 2 3 3 6 6 6 6 6
n =  7 1 2 2 2 3 3 4 6 7 7 7 7
n =  8 1 2 2 3 3 4 4 7 8 8 8 8
n =  9 1 2 2 3 3 4 4 8 8 9 9 9
n = 10 2 2 3 3 3 4 5 9 9 10 10 10
n = 11 2 2 3 3 3 4 5 9 10 11 11 11
n = 12 2 2 3 3 4 5 5 10 11 11 12 12
n = 13 2 2 3 3 4 5 6 11 11 12 13 13
n = 14 2 3 3 4 4 5 6 11 12 13 14 14
n = 15 2 3 3 4 4 5 6 12 13 14 15 15
n = 16 2 3 3 4 4 5 7 13 14 15 16 16
n = 17 2 3 3 4 5 6 7 13 14 15 16 17
n = 18 2 3 4 4 5 6 7 14 15 16 17 18
n = 19 2 3 4 4 5 6 7 14 16 17 18 19
n = 20 2 3 4 4 5 6 8 15 17 18 19 20
n = 25 2 3 4 5 6 7 9 18 20 22 23 25
n = 30 3 4 5 6 7 8 10 21 24 26 28 29
n = 35 3 4 5 6 7 9 11 24 27 29 32 34
n = 40 3 5 6 7 8 10 13 27 30 33 36 38
n = 45 3 5 6 7 9 11 14 30 34 37 40 43
n = 50 3 5 7 8 9 12 15 33 37 41 44 47
NOTA - n é o número total de aparelhos contribuintes ao ramal de esgoto.