NBR 8160:1999 35
b) Intervalo de tempo médio entre descargas consecutivas = 10 min
Duração média da(s) descarga(s) em segundos
10 20 30 40 50 75 100 300 350 400 450 500
n =  1 1 1 1 1 1 1 1 1 1 1 1 1
n =  2 1 1 1 1 1 1 2 2 2 2 2 2
n =  3 1 1 1 1 1 2 2 3 3 3 3 3
n =  4 1 1 1 1 2 2 2 4 4 4 4 4
n =  5 1 1 1 2 2 2 3 5 5 5 5 5
n =  6 1 1 2 2 2 3 3 5 6 6 6 6
n =  7 1 1 2 2 2 3 3 6 6 7 7 7
n =  8 1 2 2 2 2 3 4 7 7 8 8 8
n =  9 1 2 2 2 3 3 4 7 8 9 9 9
n = 10 1 2 2 2 3 4 4 8 9 9 10 10
n = 11 1 2 2 3 3 4 4 9 9 10 11 11
n = 12 1 2 2 3 3 4 5 9 10 11 12 12
n = 13 1 2 2 3 3 4 5 10 11 12 12 13
n = 14 1 2 3 3 3 4 5 11 12 13 13 14
n = 15 2 2 3 3 4 5 6 11 12 13 14 15
n = 16 2 2 3 3 4 5 6 12 13 14 15 16
n = 17 2 2 3 3 4 5 6 12 14 15 16 17
n = 18 2 2 3 4 4 5 6 13 14 16 17 18
n = 19 2 2 3 4 4 5 7 14 15 16 18 19
n = 20 2 3 3 4 4 6 7 14 16 17 18 20
n = 25 2 3 4 4 5 7 8 17 19 21 23 24
n = 30 2 3 4 5 6 8 9 20 23 25 27 29
n = 35 2 4 5 6 6 9 10 23 26 29 31 33
n = 40 3 4 5 6 7 9 12 26 29 32 35 38
n = 45 3 4 5 7 8 10 13 29 33 36 39 42
n = 50 3 5 6 7 8 11 14 32 36 40 43 46
NOTA - n é o número total de aparelhos contribuintes ao ramal de esgoto.