34 NBR 8160:1999
Tabela B.2 - Número de aparelhos a serem considerados em uso simultâneo - ξ ξξ ξξ = 2,5%
a) Intervalo de tempo médio entre descargas consecutivas = 5 min
Duração média da(s) descarga(s) em segundos
10 20 30 40 50 75 100 300 350 400 450 500
n =  1 1 1 1 1 1 1 1 1 1 1 1 1
n =  2 1 1 1 1 2 2 2 2 2 2 2 2
n =  3 1 1 2 2 2 2 3 3 3 3 3 3
n =  4 1 1 2 2 2 3 3 4 4 4 4 4
n =  5 1 2 2 2 3 3 4 5 5 5 5 5
n =  6 1 2 2 3 3 4 4 6 6 6 6 6
n =  7 1 2 3 3 3 4 5 7 7 7 7 7
n =  8 2 2 3 3 4 5 5 8 8 8 8 8
n =  9 2 2 3 3 4 5 6 9 9 9 9 9
n = 10 2 2 3 4 4 5 6 10 10 10 10 10
n = 11 2 3 3 4 4 6 7 11 11 11 11 11
n = 12 2 3 4 4 5 6 7 12 12 12 12 12
n = 13 2 3 4 4 5 6 8 13 13 13 13 13
n = 14 2 3 4 5 5 7 8 14 14 14 14 14
n = 15 2 3 4 5 6 7 9 15 15 15 15 15
n = 16 2 3 4 5 6 8 9 16 16 16 16 16
n = 17 2 3 4 5 6 8 10 17 17 17 17 17
n = 18 2 4 5 5 6 8 10 18 18 18 18 18
n = 19 2 4 5 6 7 9 10 19 19 19 19 19
n = 20 3 4 5 6 7 9 11 20 20 20 20 20
n = 25 3 4 6 7 8 11 13 25 25 25 25 25
n = 30 3 5 7 8 9 12 15 30 30 30 30 30
n = 35 4 6 7 9 10 14 17 35 35 35 35 35
n = 40 4 6 8 10 12 16 19 40 40 40 40 40
n = 45 4 7 9 11 13 17 21 45 45 45 45 45
n = 50 5 7 9 12 14 19 23 50 50 50 50 50
NOTA - n é o número total de aparelhos contribuintes ao ramal de esgoto.