36 NBR 8160:1999
c) Intervalo de tempo médio entre descargas consecutivas = 15 min
Duração média da(s) descarga(s) em segundos
10 20 30 40 50 75 100 300 350 400 450 500
n =  1 1 1 1 1 1 1 1 1 1 1 1 1
n =  2 1 1 1 1 1 1 1 2 2 2 2 2
n =  3 1 1 1 1 1 1 2 3 3 3 3 3
n =  4 1 1 1 1 1 2 2 3 3 4 4 4
n =  5 1 1 1 1 2 2 2 4 4 4 5 5
n =  6 1 1 1 2 2 2 2 4 5 5 5 6
n =  7 1 1 1 2 2 2 3 5 5 6 6 6
n =  8 1 1 2 2 2 2 3 5 6 6 7 7
n =  9 1 1 2 2 2 3 3 6 6 7 7 8
n = 10 1 1 2 2 2 3 3 6 7 8 8 9
n = 11 1 1 2 2 2 3 4 7 7 8 9 9
n = 12 1 2 2 2 3 3 4 7 8 9 9 10
n = 13 1 2 2 2 3 3 4 8 9 9 10 11
n = 14 1 2 2 2 3 3 4 8 9 10 11 11
n = 15 1 2 2 3 3 4 4 9 10 10 11 12
n = 16 1 2 2 3 3 4 5 9 10 11 12 13
n = 17 1 2 2 3 3 4 5 10 11 12 12 13
n = 18 1 2 2 3 3 4 5 10 11 12 13 14
n = 19 1 2 2 3 3 4 5 10 12 13 14 15
n = 20 1 2 3 3 3 4 5 11 12 13 14 15
n = 25 2 2 3 3 4 5 6 13 15 16 17 19
n = 30 2 3 3 4 4 6 7 15 17 19 20 22
n = 35 2 3 4 4 5 6 8 17 19 21 23 25
n = 40 2 3 4 5 5 7 9 19 22 24 26 28
n = 45 2 3 4 5 6 8 9 21 24 27 29 31
n = 50 2 3 5 5 6 8 10 23 26 29 32 35
NOTA - n é número total de aparelhos contribuintes ao ramal de esgoto.