NBR 8160:1999 31
g) Intervalo de tempo médio entre descargas consecutivas = 40 min
Duração média da(s) descarga(s) em segundos
10 20 30 40 50 75 100 300 350 400 450 500
n =  1 1 1 1 1 1 1 1 1 1 1 1 1
n =  2 1 1 1 1 1 1 1 2 2 2 2 2
n =  3 1 1 1 1 1 1 1 2 2 2 2 2
n =  4 1 1 1 1 1 1 1 2 3 3 3 3
n =  5 1 1 1 1 1 1 2 3 3 3 3 3
n =  6 1 1 1 1 1 2 2 3 3 3 4 4
n =  7 1 1 1 1 1 2 2 3 4 4 4 4
n =  8 1 1 1 1 2 2 2 4 4 4 5 5
n =  9 1 1 1 1 2 2 2 4 4 4 5 5
n = 10 1 1 1 2 2 2 2 4 4 5 5 5
n = 11 1 1 1 2 2 2 2 4 5 5 5 6
n = 12 1 1 1 2 2 2 3 5 5 5 6 6
n = 13 1 1 2 2 2 2 3 5 5 6 6 6
n = 14 1 1 2 2 2 2 3 5 6 6 6 7
n = 15 1 1 2 2 2 3 3 5 6 6 7 7
n = 16 1 1 2 2 2 3 3 5 6 7 7 7
n = 17 1 1 2 2 2 3 3 6 6 7 7 7
n = 18 1 1 2 2 2 3 3 6 7 7 8 8
n = 19 1 2 2 2 2 3 3 6 7 7 8 8
n = 20 1 2 2 2 2 3 3 6 7 8 8 9
n = 25 1 2 2 2 3 3 4 7 8 9 10 10
n = 30 1 2 2 3 3 4 4 8 9 10 11 12
n = 35 1 2 2 3 3 4 5 9 10 11 12 13
n = 40 2 2 3 3 3 4 5 10 11 13 14 15
n = 45 2 2 3 3 4 5 6 11 13 14 15 16
n = 50 2 2 3 3 4 5 6 12 14 15 16 17
NOTA - n é o número total de aparelhos contribuintes ao ramal de esgoto.