NBR 8160:1999 43
Tabela B3 - Número de aparelhos a serem considerados em uso simultâneo - ξ ξξ ξξ = 5,0%
a) Intervalo de tempo médio entre descargas consecutivas = 5 min
Duração média da(s) descarga(s) em segundos
10 20 30 40 50 75 100 300 350 400 450 500
n =  1 1 1 1 1 1 1 1 1 1 1 1 1
n =  2 1 1 1 1 1 2 2 2 2 2 2 2
n =  3 1 1 1 1 2 2 2 3 3 3 3 3
n =  4 1 1 2 2 2 3 3 4 4 4 4 4
n =  5 1 1 2 2 2 3 3 5 5 5 5 5
n =  6 1 2 2 2 3 3 4 6 6 6 6 6
n =  7 1 2 2 3 3 4 4 7 7 7 7 7
n =  8 1 2 2 3 3 4 5 8 8 8 8 8
n =  9 1 2 3 3 3 4 5 9 9 9 9 9
n = 10 1 2 3 3 4 5 6 10 10 10 10 10
n = 11 2 2 3 3 4 5 6 11 11 11 11 11
n = 12 2 2 3 4 4 6 7 12 12 12 12 12
n = 13 2 3 3 4 5 6 7 13 13 13 13 13
n = 14 2 3 3 4 5 6 8 14 14 14 14 14
n = 15 2 3 4 4 5 7 8 15 15 15 15 15
n = 16 2 3 4 5 5 7 8 16 16 16 16 16
n = 17 2 3 4 5 6 7 9 17 17 17 17 17
n = 18 2 3 4 5 6 8 9 18 18 18 18 18
n = 19 2 3 4 5 6 8 10 19 19 19 19 19
n = 20 2 3 4 5 6 8 10 20 20 20 20 20
n = 25 2 4 5 6 7 10 12 25 25 25 25 25
n = 30 3 4 6 7 9 12 14 30 30 30 30 30
n = 35 3 5 7 8 10 13 16 35 35 35 35 35
n = 40 3 5 7 9 11 15 18 40 40 40 40 40
n = 45 4 6 8 10 12 16 20 45 45 45 45 45
n = 50 4 6 9 11 13 18 22 50 50 50 50 50
NOTA - n é o número total de aparelhos contribuintes ao ramal de esgoto.