50 NBR 8160:1999
h) Intervalo de tempo médio entre descargas consecutivas = 50 min
Duração média da(s) descarga(s) em segundos
10 20 30 40 50 75 100 300 350 400 450 500
n =  1 1 1 1 1 1 1 1 1 1 1 1 1
n =  2 1 1 1 1 1 1 1 1 1 1 1 1
n =  3 1 1 1 1 1 1 1 1 1 1 2 2
n =  4 1 1 1 1 1 1 1 2 2 2 2 2
n =  5 1 1 1 1 1 1 1 2 2 2 2 2
n =  6 1 1 1 1 1 1 1 2 2 2 2 3
n =  7 1 1 1 1 1 1 1 2 2 3 3 3
n =  8 1 1 1 1 1 1 1 2 3 3 3 3
n =  9 1 1 1 1 1 1 1 3 3 3 3 3
n = 10 1 1 1 1 1 1 1 3 3 3 3 4
n = 11 1 1 1 1 1 1 2 3 3 3 4 4
n = 12 1 1 1 1 1 1 2 3 3 4 4 4
n = 13 1 1 1 1 1 1 2 3 4 4 4 5
n = 14 1 1 1 1 1 1 2 3 4 4 4 5
n = 15 1 1 1 1 1 2 2 4 4 4 5 5
n = 16 1 1 1 1 1 2 2 4 4 5 5 5
n = 17 1 1 1 1 1 2 2 4 4 5 5 6
n = 18 1 1 1 1 1 2 2 4 5 5 5 6
n = 19 1 1 1 1 1 2 2 4 5 5 6 6
n = 20 1 1 1 1 1 2 2 4 5 5 6 6
n = 25 1 1 1 1 2 2 2 5 6 6 7 7
n = 30 1 1 1 2 2 2 3 6 7 7 8 9
n = 35 1 1 1 2 2 3 3 7 7 8 9 10
n = 40 1 1 2 2 2 3 3 7 8 9 10 11
n = 45 1 1 2 2 2 3 4 8 9 10 11 12
n = 50 1 1 2 2 3 3 4 9 10 11 12 13
NOTA - n é o número total de aparelhos contribuintes ao ramal de esgoto.