44 NBR 8160:1999
b) Intervalo de tempo médio entre descargas consecutivas = 10 min
Duração média da(s) descarga(s) em segundos
10 20 30 40 50 75 100 300 350 400 450 500
n =  1 1 1 1 1 1 1 1 1 1 1 1 1
n =  2 1 1 1 1 1 1 1 2 2 2 2 2
n =  3 1 1 1 1 1 1 2 3 3 3 3 3
n =  4 1 1 1 1 1 2 2 4 4 4 4 4
n =  5 1 1 1 1 2 2 1 4 5 5 5 5
n =  6 1 1 1 2 2 2 3 5 5 6 6 6
n =  7 1 1 1 2 2 2 3 6 6 7 7 7
n =  8 1 1 2 2 2 3 3 6 7 7 8 8
n =  9 1 1 2 2 2 3 3 7 8 8 9 9
n = 10 1 1 2 2 2 3 4 8 8 9 10 10
n = 11 1 2 2 2 3 3 4 8 9 10 10 11
n = 12 1 2 2 2 3 4 4 9 10 11 11 12
n = 13 1 2 2 3 3 4 5 9 10 11 12 13
n = 14 1 2 2 3 3 4 5 10 11 12 13 14
n = 15 1 2 2 3 3 4 5 11 12 13 14 15
n = 16 1 2 2 3 3 4 5 11 12 14 15 16
n = 17 1 2 3 3 3 5 6 12 13 14 16 16
n = 18 1 2 3 3 4 5 6 12 14 15 16 17
n = 19 1 2 3 3 4 5 6 13 15 16 17 18
n = 20 1 2 3 3 4 5 6 14 15 17 18 19
n = 25 2 2 3 4 5 6 7 17 19 20 22 24
n = 30 2 3 4 4 5 7 9 19 22 24 26 26
n = 35 2 3 4 5 6 8 10 22 25 28 30 33
n = 40 2 3 4 5 6 9 11 25 28 31 34 37
n = 45 2 4 5 6 7 9 12 38 32 35 38 41
n = 50 3 4 5 6 8 10 13 31 35 39 42 46
NOTA - n é o número total de aparelhos contribuintes ao ramal de esgoto.